solver_type L2R_LR_DUAL
nr_class 2
label 1 0
nr_feature 39
bias 0.000000000000000
w
0.2687660135296499 
-0.04865648634623838 
0.08199497668726764 
0.2627121509747742 
0.1103321054813844 
0.5499200125441983 
1.233620581687371 
0.1751361667295831 
-0.2544973353092481 
0.03335823618412624 
1.750370968763040 
0.3262923306131187 
-0.04775123263964285 
-0.002755435065640661 
0.08377941822657738 
0.3118308517659637 
0 
0 
0 
0 
0 
0 
0 
0 
0 
0 
0 
0 
0 
0 
0 
0 
-1.385679090605233 
-0.6795248725762939 
-2.087728793628024 
0.4947269534645480 
-0.1351072226680671 
-0.09614061346899590 
-0.2642125214866838 
0 
