solver_type MCSVM_CS
nr_class 2
label 1 0
nr_feature 18
bias 0.000000000000000
w
-0.003861612279258297 0.003861612279252046 
0.4310143466626118 -0.4310143466626120 
-0.2446836049983779 0.2446836049983774 
0.05829815739570998 -0.05829815739571001 
0.6019424537812731 -0.6019424537812729 
-0.1072103689105218 0.1072103689105214 
0.6505367124418204 -0.6505367124418213 
0.1165186172910666 -0.1165186172910672 
0.7214231827936230 -0.7214231827936191 
-1.379650303174340 1.379650303174337 
0.7221748211717355 -0.7221748211717364 
0.6143278843637793 -0.6143278843637780 
0.6365740564092447 -0.6365740564092442 
0.6293196777382942 -0.6293196777382952 
0.3059500046832934 -0.3059500046832935 
0.2698449519891072 -0.2698449519891059 
0.3395406225600866 -0.3395406225600876 
0.08589616843674547 -0.08589616843674787 
0 0 
