solver_type MCSVM_CS
nr_class 9
label 6 4 2 3 8 1 7 5 0
nr_feature 36
bias 0.000000000000000
w
-0.01735148420781250 0.01172237501105767 -0.1105047646114204 0.1244996236108285 -0.7396144225245795 0.1678087486595958 -0.1353967427218029 0.2143336381860853 0.4845030285980405 
0.1152666491071635 -0.1158461409053253 -0.2468117732124930 0.007271519591329379 -0.008743496600588414 0.3434345985445835 0.09401189926528442 0.05411685205706584 -0.2427001078470190 
-0.2932873387398444 -0.4387866176673413 0.7442698451624139 -0.2713660329057405 -0.9650159426285644 0.08005510801598083 0.1395819266073913 0.2091580285254592 0.7953910236302415 
-0.08969421533182130 -0.01796314360617275 -0.4131123199524320 0.7894868859929295 0.1866699157697320 -0.0009792958314934115 -0.04485429994047543 0.05062113192972138 -0.4601746590299884 
-0.05188795107281568 1.314969033152662 -0.4946773774146732 0.2397455690831021 -0.6091274553316511 0.1217219196097668 -0.1078408757649563 0.02873679291197231 -0.4416396551734050 
0.01745691893036201 0.02795927403576987 -0.3002591810519074 -0.03327160072028666 0.01902501191668150 0.02845375439003525 -0.01550258033354236 0.2020595274118669 0.05407887542102090 
0.006677218122124325 0.2198983483265719 -0.5931394380925490 0.01171515528240089 -0.1271507554970915 0.03862052801559180 0.1627094550681575 0.05608744919620461 0.2245820395785910 
-0.3848014730839250 -0.09244741404986590 -0.06830800150107162 -0.05435790775524426 -0.3557610504741538 0.1144052619218335 0.9466342900937830 -0.06982910007079307 -0.03553460508056133 
-0.4734197148444658 -0.2973644470013151 -0.5271958037246584 -0.05886485297490849 1.849074985170893 -0.07479299082300071 -0.2683999605828826 -0.2159637815078856 0.06692656628821166 
0.004972727152920992 -0.1113669669350525 -1.254895942612871 -0.03158402796815275 0.1912101047670648 0.005734905488468405 -0.2304885335433197 -0.1022365888796838 1.528654322530624 
0.03387199230760407 -0.4535302003221355 -0.5756865295072557 0.09379554564371957 -0.1080554886106628 1.342101938115410 0.1308384034078705 -0.01759514457725853 -0.4457405164572982 
-0.2566764327802014 -0.3144410489004638 1.088526905279050 -0.04230712895088483 -0.4369283474804970 -0.04716160882370259 -0.08088490427079947 0.04560065248487571 0.04427191344262468 
-0.4337304624072212 -0.2607812190222777 0.3467589403521970 1.436622388864243 -0.4358973398920975 -0.1122671493636677 -0.1076181367559696 -0.02404234894954047 -0.4090446728256647 
-0.4336765333956512 1.718150461560565 -1.191416081129804 -0.2886112321096900 0.09692397397698292 0.09498156737557127 0.02456561564754315 -0.02035698799712810 -0.0005607839283892841 
-5.637851296924623e-18 -0.07334094313084406 -0.7185109082953658 -0.002150916130221745 -0.01311603622239727 -0.09045259409859943 -0.02500000000000001 0.8556263013244202 0.06694509655300612 
1.641413939720436 -0.2348558242907052 -0.04042603192250809 -0.08801991809592966 -0.8702798100064135 -0.2825868930442235 -0.1628749892146631 -0.2090049633031624 0.2466344901571634 
-1.454728909170973 -0.03725754626681100 0.2849601081633472 0.01353604578167644 0.01314636789993901 -0.06980745759282632 2.044564935675346 -0.1072878380115894 -0.6871257064781249 
-0.2724877125479585 0.3795645546037659 0.05095072527442784 -0.3364223978303492 0.8123533653687747 -0.02181507555353989 -0.8221592792550653 0.1086174565487623 0.1013983633911852 
-0.2650443522449529 -0.05426101302765839 -0.04082931549351705 -0.09143287837913729 -0.01430073585360381 -0.04305856271651181 -0.4764454485586393 0.009122088189026290 0.9762502180850007 
-0.1808734617556260 -0.06497735863865153 -0.7981651263993305 0.06924133097022579 0.4013946647424518 1.303584760507314 0.2339299190629918 0.05088084196772953 -1.015015570457103 
-0.04553157065761205 -0.01161793970707932 0.7987335292910707 -0.09836345007494006 -0.3643270417161463 0.03545911956479455 -0.4587596684300137 -0.01643441872601166 0.1608414404559391 
-0.3518245317534039 -0.7295144407806194 -0.07321792172363488 2.453869273873395 -2.465414206682702 -0.09940437448684138 -0.08926054994622350 0.04256702765866004 1.312199723841382 
-0.4998719306624013 1.504100511890750 -0.1757754134733325 -0.4155240948539140 1.264080785023118 -0.1582703915445204 -0.04665041839674051 -0.08286095017098916 -1.389228097811962 
-0.1755520179110886 -0.3435049154268941 -0.6092096547872812 0.01279643039232010 0.9699486831884394 -0.1765397861654452 -0.05789516996729929 0.8090628798916893 -0.4291064492144432 
0.9200015897460600 -0.1123154570617067 -0.2486427557566339 -0.3966845965121520 0.3778059095147961 -0.1199654710743126 -0.3088035733433315 -0.1873305088317616 0.07593486331904542 
-0.2001006594639720 0.4002544613911504 -0.3898309883899911 -0.5122693221451922 -1.607857417746893 0.07345116629231199 2.208049261381714 -0.07988239466279631 0.1081858933436669 
-0.3722444564180375 0.02397741865675878 -0.4728011676661387 -0.2667743340661933 0.6880261493312253 0.003471172126108716 -0.2332212401114950 -0.01580402667585083 0.6453704848236202 
0.1749357199971086 -0.3057124314026995 -0.04718781232178131 -0.1546375382803349 0.4486168434948205 -0.05605871559894145 0.09273463069791532 -0.01161165799163310 -0.1410790385944560 
-0.01649747726825717 -0.3723282220241749 -0.3326218205553915 0.02220547238571561 -0.1082212829298046 0.5826266459085580 -0.06699982265157933 0.1131724328878976 0.1786640742470359 
-0.8793951106850949 0.03852222787096251 1.224574911606519 0.6944137406092356 -0.6822904702771464 0.2426148239880823 -0.5463240762764177 0.3909028298326143 -0.4830188766687625 
-0.1701639078363627 0.8257613756730825 -1.094589397410254 0.3844352353050996 -0.02032140987368225 0.1074044007242785 -0.1103022558482609 -0.1234976061407791 0.2012735654068712 
-0.1946353021003054 1.072266063415982 -0.5088417938105272 -0.1384146361465792 -0.1626459406424529 0.1226429868240828 -0.1105684455322901 -0.01061780718125419 -0.06918512482665637 
0.01500000000000000 -0.1481310188275630 -0.2477992037371136 0.08437542887719901 -0.04236210467342420 0.05556267247078710 -0.01999999999999999 0.1849197897888759 0.1184344361012382 
0.9208773011047444 -0.2798235950178840 -0.5721835482536082 -0.1214107606049372 -1.059706726072788 -0.09199212083618134 1.126902584596332 0.01447318444220545 0.06286368064211226 
-0.4289924011564174 -0.06336805717631219 -0.1559093677558327 -0.04322651335249608 -0.1453860094594524 -0.02221224376737482 0.6443979716888466 -0.005636785117892344 0.2203334060969276 
-0.5921702131764549 -0.1550450752153521 -0.2751807821608109 0.02711793041150577 1.021673890234609 -0.1218608172103958 -0.2388974749835901 -0.02278384188033869 0.3571463839808269 
0 0 0 0 0 0 0 0 0 
