solver_type MCSVM_CS
nr_class 8
label 6 4 2 3 8 1 7 5
nr_feature 18
bias 0.000000000000000
w
-0.02321876658421516 -0.3418236192788733 0.03466062365324286 0.1733132830754597 0.03882457396203114 0.1177884501378922 0.1094724211279203 -0.1090169660934581 
0.02366509667324315 -0.2450151113571416 -0.07089168953581206 0.1800959678637235 -0.2244460682017419 0.2541896166172212 -0.06173105518271328 0.1441332431232216 
-0.6224409070551787 0.6861383050256268 0.4352410915785130 -0.1114233293566365 -1.131941383461675 0.4511665167191581 0.03128268343593477 0.2619770231142583 
-0.1896820295079670 0.07979085970501870 -0.1898308482524795 0.6531392253734192 -0.2126222804952572 -0.08439027125868451 -0.04302851547135275 -0.01337614009269695 
-0.3926989744588464 0.9510218160123995 -0.1538772805640168 0.2575340032997112 -0.9235530761923317 0.1299293750978713 -0.1360042165524230 0.2676483533576379 
0.04784971001048109 -0.01516201969636023 -0.004331567145240434 0.02260379801623558 -0.1396249990113419 -0.009645710518546248 -0.05691509145374308 0.1552258797985155 
0.7597564603825065 -0.1029351730194726 -0.4718427443098668 -0.2548735910012939 -0.5183363310473147 0.02053102987321750 0.5328346595361392 0.03486568958608718 
-0.2334811563530329 -0.06798668671383495 -0.4234753571748406 -0.002205047658569781 -0.4205410224869066 -0.1172665878003202 1.316337692739253 -0.05138183455174702 
-0.4393311681626280 -0.5997194595553978 -0.1341073248313043 0.1679073798073124 1.006737103994336 -0.2145640941906120 0.2001576943314320 0.01291986860685604 
0.2998206084946568 0.05539573096687985 0.1621563756302597 -0.3186495778749191 0.5835125590151842 -0.2937653805584692 -0.2861447709524389 -0.2023255447211541 
0.04135227929475407 -0.8404879310539575 -0.4092685779184513 0.1312376275286742 -0.4493748504949736 1.494773245842845 -0.1107784148341093 0.1425466216352171 
-0.8071590845799961 -0.4625893470232186 2.305403633082686 -0.002767300371252973 -1.127122985474817 0.1323588534036177 -0.3673874338789450 0.3292636648419267 
-0.3797152382689477 -0.7982004028680126 -0.1578548655465947 2.020107249628372 -0.5238622365903890 -0.1405632367443452 -0.1512516678617794 0.1313403982516947 
-0.8368602393875983 2.641433166347218 -0.7958892546057970 0.04399222797762055 -1.388015273630980 0.2293554095842518 -0.1602164239586469 0.2662003876739346 
-0.09805579415819433 -0.05128445935728383 -0.3885162351430994 -0.06452857406462656 -0.06363857603700607 -0.04793260350943461 -0.03451052617470420 0.7484667684443499 
2.425732033001449 -0.01643100821749979 -0.4156840822793602 -0.1590705082966365 -1.385355917909307 -0.1987906215620200 0.01588701367601472 -0.2662869084126369 
-1.095836749537493 -0.4264970015506318 -0.9057705860127303 -0.2381699476315571 -0.7985491330417102 -0.1320343040401956 3.686297457122439 -0.08943973530812442 
-0.6188595499142644 0.2429701638784753 -0.3730315037887197 -0.3260595074763150 2.626902931223802 -0.4956630377390535 -0.6994889606273879 -0.3567705355565333 
0 0 0 0 0 0 0 0 
